25 25
32
1
106
3 3
3 4
3 9
3 10
3 11
4 3
4 4
4 5
4 7
4 8
4 14
4 15
4 16
5 2
5 5
5 6
5 12
5 13
5 16
5 17
5 18
5 19
6 6
6 16
6 17
6 19
6 20
7 2
7 5
7 6
7 7
7 11
7 12
7 13
7 14
7 15
7 16
7 17
7 19
7 20
8 3
8 6
8 7
8 8
8 9
8 11
8 14
8 15
8 16
8 18
8 21
9 6
9 7
9 8
9 9
9 10
9 11
9 14
9 16
9 18
9 20
10 3
10 7
10 8
10 11
10 15
10 17
10 19
10 20
10 21
11 2
11 7
11 10
11 11
11 12
11 14
11 16
11 19
11 20
12 3
12 8
12 9
12 10
12 11
12 13
12 14
12 15
12 16
12 20
13 3
13 9
13 10
13 14
13 15
13 16
13 18
13 19
14 4
14 9
14 17
14 18
15 4
15 7
15 8
16 5
16 6
